19
26
28
17
13
10
18
28
20
29
20
17
30
12
33
28
28
21
32
14
28
27
21
22
23
34
45
22
16
35
32
30
32
26
28
36
25
35
25
20
34
38
26
31
31
28
16
17
39
40
35
30
20
31
32
21
36
39
13
19
21
23
28
23
18
20
36
27
25
33
32
36
31
20
28
22
14
28
39
20
32
28
30
30
26
21
30
45
27
27
29
25
43
28
22
25
28
39
29
19
25
29
28
35
25
24
27
41
22
32
38
24
31
27
22
27
21
33
15
23
31
28
19
28
26
26
30
27
29
36
31
32
20
32
33
10
31
32
26
27
18
26
27
16
30
22
19
32
33
31
20
25
22
22
21
26
16
33
26
30
25
28
36
21
22
23
25
24
35
23
23
33
37
20
24
21
20
22
24
23
31
33
23
22
29
19
37
23
24
41
30
34
9
23
33
34
30
22
14
38
4.1
GYJ959787
JOK786969
4.2
MBF340043
JKJ452719
GFG148345
AXA231829
KIK866983
LOL695279


 4.3
LIK235378
MBF340043
HFG378931
KIJ511146
NUK840936
OKH427482
RTS278686
