1)	
numer klienta	srednia wody na osobe
7935	41,33
5080	40
645	39,75
8090	39,5
5738	39,33
8349	39,2
8850	39
2202	38,25
9468	37,75
6866	36,75

2)
dzielnica	zuzycie wody w dzilenicy
BEM	54080
BIA	61614
BIE	56368
MOK	55889
OCH	59273
PRA	57241
REM	58971
SRO	58124
TAR	60234
URU	59597
URY	50116
WAW	57674
WES	60372
WIL	55476
WLO	66372
WOL	60523
ZOL	62312


3)
maksymalne miesieczne zuzycie	dzielnica
8108	BEM
9274	BIA
8475	BIE
8452	MOK
8861	OCH
8575	PRA
8873	REM
8776	SRO
9120	TAR
8960	URU
7519	URY
8699	WAW
9050	WES
8284	WIL
9966	WLO
9117	WOL
9417	ZOL


4)
ROK	1	2	3	4	5	6	7	8	9	10	11	12
2019	53545	53274	53195	85745	85627	117552	149526	117497	85623	85530	53516	53606
2020	54081	53807	53727	86603	86484	118728	151022	118672	86480	86386	54052	54143
2021	54622	54346	54265	87470	87349	119916	152533	119859	87345	87250	54593	54685
2022	55169	54890	54808	88345	88223	121116	154059	121058	88219	88123	55139	55232
2023	55721	55439	55357	89229	89106	122328	155600	122269	89102	89005	55691	55785
2024	56279	55994	55911	90122	89998	123552	157156	123492	89994	89896	56248	56343
2025	56842	56554	56471	91024	90898	124788	158728	124727	90894	90795	56811	56907
2026	57411	57120	57036	91935	91807	126036	160316	125975	91803	91703	57380	57477
2027	57986	57692	57607	92855	92726	127297	161920	127235	92722	92621	57954	58052
2028	58566	58269	58184	93784	93654	128570	163540	128508	93650	93548	58534	58633
2029	59152	58852	58766	94722	94591	129856	165176	129794	94587	94484	59120	59220
2030	59744	59441	59354	95670	95537	131155	166828	131092	95533	95429	59712	59813

LIPIEC	2026

5)
LIPIEC 2035